           0   1.5000000000000000        7.8539800000000000E-003
   2.5000000000000001E-003   1.4998903422384005        1.5707385833422370E-002
   5.0000000000000001E-003   1.4996710242103570        2.3559643265480240E-002
   7.4999999999999997E-003   1.4993420363960031        3.1410177798981850E-002
   1.0000000000000000E-002   1.4989033622576979        3.9258414479922947E-002
   1.2500000000000001E-002   1.4983549782351784        4.7103777702697566E-002
   1.5000000000000001E-002   1.4976968537386091        5.4945691014756957E-002
   1.7500000000000002E-002   1.4969289511395305        6.2783576920545453E-002
   2.0000000000000000E-002   1.4960512257596998        7.0616856684540957E-002
   2.2499999999999999E-002   1.4950636258578189        7.8444950133226332E-002
   2.4999999999999998E-002   1.4939660926141440        8.6267275455816028E-002
   2.7499999999999997E-002   1.4927585601129694        9.4083249003560521E-002
   2.9999999999999995E-002   1.4914409553229775       0.10189228508744856     
   3.2499999999999994E-002   1.4900131980754452       0.10969379577412477     
   3.4999999999999996E-002   1.4884752010402971       0.11748719067983708     
   3.7499999999999999E-002   1.4868268696999938       0.12527187676222520     
   4.0000000000000001E-002   1.4850681023212435       0.13304725810975790     
   4.2500000000000003E-002   1.4831987899245236       0.14081273572862282     
   4.5000000000000005E-002   1.4812188162513975       0.14856770732686811     
   4.7500000000000007E-002   1.4791280577296133       0.15631156709559091     
   5.0000000000000010E-002   1.4769263834359663       0.16404370548696245     
   5.2500000000000012E-002   1.4746136550569096       0.17176350898887410     
   5.5000000000000014E-002   1.4721897268468946       0.17947035989598314     
   5.7500000000000016E-002   1.4696544455844234       0.18716363607693060     
   6.0000000000000019E-002   1.4670076505257916       0.19484271073749695     
   6.2500000000000014E-002   1.4642491733565044       0.20250695217945452     
   6.5000000000000016E-002   1.4613788381403408       0.21015572355486750     
   6.7500000000000018E-002   1.4583964612660478       0.21778838261558292     
   7.0000000000000021E-002   1.4553018513916396       0.22540428145764696     
   7.2500000000000023E-002   1.4520948093862784       0.23300276626037206     
   7.5000000000000025E-002   1.4487751282697150       0.24058317701977053     
   7.7500000000000027E-002   1.4453425931492616       0.24814484727606023     
   8.0000000000000029E-002   1.4417969811542746       0.25568710383493692     
   8.2500000000000032E-002   1.4381380613681192       0.26320926648229592     
   8.5000000000000034E-002   1.4343655947575924       0.27071064769207459     
   8.7500000000000036E-002   1.4304793340997763       0.27819055232687279     
   9.0000000000000038E-002   1.4264790239062957       0.28564827733099557     
   9.2500000000000041E-002   1.4223644003449538       0.29308311141554771     
   9.5000000000000043E-002   1.4181351911587199       0.30049433473519410     
   9.7500000000000045E-002   1.4137911155820402       0.30788121855618367     
  0.10000000000000005        1.4093318842544487       0.31524302491521744     
  0.10250000000000005        1.4047571991314498       0.32257900626872288     
  0.10500000000000005        1.4000667533926490       0.32988840513207729     
  0.10750000000000005        1.3952602313471050       0.33717045370830268     
  0.11000000000000006        1.3903373083358828       0.34442437350573252     
  0.11250000000000006        1.3852976506317820       0.35164937494412818     
  0.11500000000000006        1.3801409153362214       0.35884465694869816     
  0.11750000000000006        1.3748667502732590       0.36600940653144753     
  0.12000000000000006        1.3694747938807315       0.37314279835925801     
  0.12250000000000007        1.3639646750984971       0.38024399430806943     
  0.12500000000000006        1.3583360132537694       0.38731214300250333     
  0.12750000000000006        1.3525884179435332       0.39434637934023659     
  0.13000000000000006        1.3467214889140362       0.40134582400039859     
  0.13250000000000006        1.3407348159373542       0.40830958293522862     
  0.13500000000000006        1.3346279786850335       0.41523674684419187     
  0.13750000000000007        1.3284005465988176       0.42212639062971058     
  0.14000000000000007        1.3220520787584720       0.42897757283362370     
  0.14250000000000007        1.3155821237467269       0.43578933505344186     
  0.14500000000000007        1.3089902195113656       0.44256070133741482     
  0.14750000000000008        1.3022758932244940       0.44929067755737656     
  0.15000000000000008        1.2954386611390356       0.45597825075827758     
  0.15250000000000008        1.2884780284425084       0.46262238848325399     
  0.15500000000000008        1.2813934891081475       0.46922203807302115     
  0.15750000000000008        1.2741845257434559       0.47577612593831153     
  0.16000000000000009        1.2668506094362728       0.48228355680400570     
  0.16250000000000009        1.2593911995984726       0.48874321292352924     
  0.16500000000000009        1.2518057438074173       0.49515395326200751     
  0.16750000000000009        1.2440936776453109       0.50151461264658381     
  0.17000000000000010        1.2362544245366218       0.50782400088221435     
  0.17250000000000010        1.2282873955837657       0.51408090183115596     
  0.17500000000000010        1.2201919894012652       0.52028407245425734     
  0.17750000000000010        1.2119675919486359       0.52643224181205239     
  0.18000000000000010        1.2036135763622771       0.53252411002353617     
  0.18250000000000011        1.1951293027866836       0.53855834718037510     
  0.18500000000000011        1.1865141182053365       0.54453359221416764     
  0.18750000000000011        1.1777673562716711       0.55044845171422518     
  0.19000000000000011        1.1688883371405736       0.55630149869318779     
  0.19250000000000012        1.1598763673009114       0.56209127129762126     
  0.19500000000000012        1.1507307394096595       0.56781627146056424     
  0.19750000000000012        1.1414507321282585       0.57347496349280169     
  0.20000000000000012        1.1320356099619073       0.57906577260943604     
  0.20250000000000012        1.1224846231025813       0.58458708338810694     
  0.20500000000000013        1.1127970072766551       0.59003723815497400     
  0.20750000000000013        1.1029719835981113       0.59541453529432309     
  0.21000000000000013        1.0930087584284298       0.60071722747738454     
  0.21250000000000013        1.0829065232443753       0.60594351980565819     
  0.21500000000000014        1.0726644545150417       0.61109156786372509     
  0.21750000000000014        1.0622817135896638       0.61615947567618801     
  0.22000000000000014        1.0517574465978805       0.62114529356301695     
  0.22250000000000014        1.0410907843643205       0.62604701588718403     
