   2.5000000000000001E-003   1.0302808423395964       0.63086257868804896     
   5.0000000000000001E-003   1.0193267205500287       0.63558985719350047     
   7.4999999999999997E-003   1.0082275035686799       0.64022666320336796     
   1.0000000000000000E-002  0.99698226051057626       0.64477074233608678     
   1.2500000000000001E-002  0.98559004505531744       0.64921977113002816     
   1.5000000000000001E-002  0.97404989550063814       0.65357135399028754     
   1.7500000000000002E-002  0.96236083485089319       0.65782301997105663     
   2.0000000000000000E-002  0.95052187094488882       0.66197221938298278     
   2.2499999999999999E-002  0.93853199662799114       0.66601632021413903     
   2.4999999999999998E-002  0.92639018997400746       0.66995260435238435     
   2.7499999999999997E-002  0.91409541456297239       0.67377826359597914     
   2.9999999999999995E-002  0.90164661982167849       0.67749039543833256     
   3.2499999999999994E-002  0.88904274143458961       0.68108599861168651     
   3.4999999999999996E-002  0.87628270183366663       0.68456196837338135     
   3.7499999999999999E-002  0.86336541077663898       0.68791509151708941     
   4.0000000000000001E-002  0.85028976602438144       0.69114204109004007     
   4.2500000000000003E-002  0.83705465412932389       0.69423937079578135     
   4.5000000000000005E-002  0.82365895134824763       0.69720350906042006     
   4.7500000000000007E-002  0.81010152469442998       0.70003075273854387     
   5.0000000000000010E-002  0.79638123314591069       0.70271726043314309     
   5.2500000000000012E-002  0.78249692902870083       0.70525904540180417     
   5.5000000000000014E-002  0.76844745959606620       0.70765196801922947     
   5.7500000000000016E-002  0.75423166882763326       0.70989172776373288     
   6.0000000000000019E-002  0.73984839947502523       0.71197385469275365     
   6.2500000000000014E-002  0.72529649538409191       0.71389370036960742     
   6.5000000000000016E-002  0.71057480412760365       0.71564642820063584     
   6.7500000000000018E-002  0.69568217998660320       0.71722700313860843     
   7.0000000000000021E-002  0.68061748732352423       0.71863018070465579     
   7.2500000000000023E-002  0.66537960439577981       0.71985049527715550     
   7.5000000000000025E-002  0.64996742766489901       0.72088224759183639     
   7.7500000000000027E-002  0.63437987666356010       0.72171949139289548     
   8.0000000000000029E-002  0.61861589949117135       0.72235601917012959     
   8.2500000000000032E-002  0.60267447901814331       0.72278534691195617     
   8.5000000000000034E-002  0.58655463988985812       0.72300069779873877     
   8.7500000000000036E-002  0.57025545643378794       0.72299498475504220     
   9.0000000000000038E-002  0.55377606158748882       0.72276079177334374     
   9.2500000000000041E-002  0.53711565698158859       0.72229035391534469     
   9.5000000000000043E-002  0.52027352433072560       0.72157553589041823     
   9.7500000000000045E-002  0.50324903830707335       0.72060780910396849     
  0.10000000000000005       0.48604168109605267       0.71937822706167742     
  0.10250000000000005       0.46865105886261366       0.71787739900893632     
  0.10500000000000005       0.45107692038967850       0.71609546167842020     
  0.10750000000000005       0.43331917818868210       0.71402204901305799     
  0.11000000000000006       0.41537793242645610       0.71164625972698392     
  0.11250000000000006       0.39725349806393045       0.70895662256395031     
  0.11500000000000006       0.37894643566137859       0.70594105911185068     
  0.11750000000000006       0.36045758637348141       0.70258684403435889     
  0.12000000000000006       0.34178811173678980       0.69888056258745346     
  0.12250000000000007       0.32293953894388794       0.69480806530134120     
  0.12500000000000006       0.30391381240458076       0.69035441972907208     
  0.12750000000000006       0.28471335251684898       0.68550385919461487     
  0.13000000000000006       0.26534112271145349       0.68023972851878167     
  0.13250000000000006       0.24580070599642859       0.67454442676559101     
  0.13500000000000006       0.22609639241390544       0.66839934714017213     
  0.13750000000000007       0.20623327903437932       0.66178481428947367     
  0.14000000000000007       0.18621738435511143       0.65468001941826170     
  0.14250000000000007       0.16605577924176190       0.64706295384716661     
  0.14500000000000007       0.14575673685650969       0.63891034192211671     
  0.14750000000000008       0.12532990435101432       0.63019757455465175     
  0.15000000000000008       0.10478649946496683       0.62089864515455451     
  0.15250000000000008        8.4139535552577235E-002  0.61098609034013718     
  0.15500000000000008        6.3404078945332232E-002  0.60043093861454988     
  0.15750000000000008        4.2597542924905536E-002  0.58920267122380710     
  0.16000000000000009        2.1740022885827569E-002  0.57726920071766374     
  0.16250000000000009        8.5467745322672967E-004  0.56459687438036699     
  0.16500000000000009       -2.0031839702765199E-002  0.55115051175399943     
  0.16750000000000009       -4.0888892977077415E-002  0.53689348801477399     
  0.17000000000000010       -6.1681319370667648E-002  0.52178787804872673     
  0.17250000000000010       -8.2368822630684527E-002  0.50579467975311632     
  0.17500000000000010      -0.10290530793879998       0.48887413936155977     
  0.17750000000000010      -0.12323816244292136       0.47098620636369265     
  0.18000000000000010      -0.14330749339852017       0.45209115062116734     
  0.18250000000000011      -0.16304534494154393       0.43215037908608717     
  0.18500000000000011      -0.18237492726445012       0.41112749325754921     
  0.18750000000000011      -0.20120990884771633       0.38898962980954577     
  0.19000000000000011      -0.21945384374579893       0.36570912367268876     
  0.19250000000000012      -0.23699983138365618       0.34126552247880271     
  0.19500000000000012      -0.25373053426668313       0.31564796020569652     
  0.19750000000000012      -0.26951870581142989       0.28885786229269222     
  0.20000000000000012      -0.28422839974940228       0.26091190124549291     
  0.20250000000000012      -0.29771703458331455       0.23184504991198038     
  0.20500000000000013      -0.30983845897254042       0.20171349304614200     
  0.20750000000000013      -0.32044709378839142       0.17059706790377935     
  0.21000000000000013      -0.32940310523493199       0.13860083231339373     
  0.21250000000000013      -0.33657839339373086       0.10585533320399904     
  0.21500000000000014      -0.34186298266342052        7.2515201269612042E-002
  0.21750000000000014      -0.34517121698409042        3.8755849401578529E-002
  0.22000000000000014      -0.34644705059548436        4.7682994337712699E-003
  0.22250000000000014      -0.34566773846747995       -2.9247536386805259E-002
