   2.5000000000000001E-003 -0.34284539555933174       -6.3090507891647454E-002
   5.0000000000000001E-003 -0.33802618938193796       -9.6566016045723790E-002
   7.4999999999999997E-003 -0.33128728703234112      -0.12949311281278061     
   1.0000000000000000E-002 -0.32273200295114740      -0.16171022482132846     
   1.2500000000000001E-002 -0.31248380659266956      -0.19307907504468286     
   1.5000000000000001E-002 -0.30067991167122216      -0.22348668237080754     
   1.7500000000000002E-002 -0.28746509250071040      -0.25284559050799305     
   2.0000000000000000E-002 -0.27298620587275779      -0.28109266318739062     
   2.2499999999999999E-002 -0.25738769766807240      -0.30818686658623345     
   2.4999999999999998E-002 -0.24080819045150545      -0.33410645669028760     
   2.7499999999999997E-002 -0.22337810963260527      -0.35884592857702935     
   2.9999999999999995E-002 -0.20521821926047729      -0.38241299737000711     
   3.2499999999999994E-002 -0.18643889830623328      -0.40482579094111010     
   3.4999999999999996E-002 -0.16713998215841838      -0.42611035678121123     
   3.7499999999999999E-002 -0.14741100903218399      -0.44629852587563790     
   4.0000000000000001E-002 -0.12733173634593747      -0.46542613525831222     
   4.2500000000000003E-002 -0.10697282036215058      -0.48353158549229242     
   4.5000000000000005E-002  -8.6396579043018187E-002 -0.50065469587946387     
   4.7500000000000007E-002  -6.5657780941436192E-002 -0.51683581507460075     
   5.0000000000000010E-002  -4.4804421338851673E-002 -0.53211514493269585     
   5.2500000000000012E-002  -2.3878460919306448E-002 -0.54653223858541500     
   5.5000000000000014E-002  -2.9165126097643167E-003 -0.56012563835985441     
   5.7500000000000016E-002   1.8049530470557105E-002 -0.57293262422028968     
   6.0000000000000019E-002   3.8991928035844357E-002 -0.58498904834164445     
   6.2500000000000014E-002   5.9886585486115793E-002 -0.59632923590180242     
   6.5000000000000016E-002   8.0712603461361651E-002 -0.60698593607722406     
   6.7500000000000018E-002  0.10145187987440776      -0.61699031051824149     
   7.0000000000000021E-002  0.12208875969859703      -0.62637194930139828     
   7.2500000000000023E-002  0.14260972767721924      -0.63515890656895779     
   7.5000000000000025E-002  0.16300313925833421      -0.64337774984256912     
   7.7500000000000027E-002  0.18325898533991339      -0.65105361841060116     
   8.0000000000000029E-002  0.20336868676736480      -0.65821028730225839     
   8.2500000000000032E-002  0.22332491491316170      -0.66487023423333869     
   8.5000000000000034E-002  0.24312143505755182      -0.67105470758662522     
   8.7500000000000036E-002  0.26275296966260925      -0.67678379401433397     
   9.0000000000000038E-002  0.28221507897931786      -0.68207648465326087     
   9.2500000000000041E-002  0.30150405674414943      -0.68695073925144201     
   9.5000000000000043E-002  0.32061683900621102      -0.69142354773912074     
   9.7500000000000045E-002  0.33955092437901374      -0.69551098895312702     
  0.10000000000000005       0.35830430423398618      -0.69922828635543466     
  0.10250000000000005       0.37687540154838395      -0.70258986068388463     
  0.10500000000000005       0.39526301729086849      -0.70560937954381908     
  0.10750000000000005       0.41346628337642227      -0.70829980399988657     
  0.11000000000000006       0.43148462135101612      -0.71067343226237489     
  0.11250000000000006       0.44931770607795496      -0.71274194058585705     
  0.11500000000000006       0.46696543379429639      -0.71451642151258343     
  0.11750000000000006       0.48442789398913061      -0.71600741960116010     
  0.12000000000000006       0.50170534462757510      -0.71722496478432851     
  0.12250000000000007       0.51879819030661012      -0.71817860349942897     
  0.12500000000000006       0.53570696298269826      -0.71887742773238916     
  0.12750000000000006       0.55243230495766127      -0.71933010211159765     
  0.13000000000000006       0.56897495384953467      -0.71954488918238024     
  0.13250000000000006       0.58533572930996003      -0.71952967298642667     
  0.13500000000000006       0.60151552127985219      -0.71929198106374304     
  0.13750000000000007       0.61751527960124242      -0.71883900498777009     
  0.14000000000000007       0.63333600482590346      -0.71817761953738335     
  0.14250000000000007       0.64897874008108258      -0.71731440060270069     
  0.14500000000000007       0.66444456386981610      -0.71625564191505575     
  0.14750000000000008       0.67973458369822448      -0.71500737068520481     
  0.15000000000000008       0.69484993043519139      -0.71357536222785911     
  0.15250000000000008       0.70979175332117417      -0.71196515364499324     
  0.15500000000000008       0.72456121555279873      -0.71018205663508061     
  0.15750000000000008       0.73915949037855322      -0.70823116949044751     
  0.16000000000000009       0.75358775764847230      -0.70611738834031390     
  0.16250000000000009       0.76784720076734581      -0.70384541769278575     
  0.16500000000000009       0.78193900400680916      -0.70141978032507224     
  0.16750000000000009       0.79586435013678847      -0.69884482656750024     
  0.17000000000000010       0.80962441834126819      -0.69612474302347482     
  0.17250000000000010       0.82322038238730566      -0.69326356076437023     
  0.17500000000000010       0.83665340901970287      -0.69026516303541241     
  0.17750000000000010       0.84992465655681793      -0.68713329250591770     
  0.18000000000000010       0.86303527366571287      -0.68387155809476241     
  0.18250000000000011       0.87598639829723068      -0.68048344139966521     
  0.18500000000000011       0.88877915676371588      -0.67697230275674758     
  0.18750000000000011       0.90141466294396932      -0.67334138695488788     
  0.19000000000000011       0.91389401760169298      -0.66959382862758721     
  0.19250000000000012       0.92621830780515524      -0.66573265734340847     
  0.19500000000000012       0.93838860643711786      -0.66176080241452195     
  0.19750000000000012       0.95040597178523023      -0.65768109744148273     
  0.20000000000000012       0.96227144720413260      -0.65349628461106601     
  0.20250000000000012       0.97398606084143058      -0.64920901876278758     
  0.20500000000000013       0.98555082542052652      -0.64482187123863199     
  0.20750000000000013       0.99696673807402358      -0.64033733352948907     
  0.21000000000000013        1.0082347802220730      -0.63575782073085729     
  0.21250000000000013        1.0193559174906179      -0.63108567481950162     
  0.21500000000000014        1.0303310996650092      -0.62632316776194885     
  0.21750000000000014        1.0411612606749345      -0.62147250446495961     
  0.22000000000000014        1.0518473186070179      -0.61653582557742725     
  0.22250000000000014        1.0623901757418235      -0.61151521015251808     
