   2.5000000000000001E-003   1.0727907186123302      -0.60641267817827738     
   5.0000000000000001E-003   1.0830498180812422      -0.60123019298437919     
   7.4999999999999997E-003   1.0931683294347740      -0.59596966353219283     
   1.0000000000000000E-002   1.1031470924907862      -0.59063294659486865     
   1.2500000000000001E-002   1.1129869317193672      -0.58522184883371198     
   1.5000000000000001E-002   1.1226886563741507      -0.57973812877670872     
   1.7500000000000002E-002   1.1322530606328336      -0.57418349870469265     
   2.0000000000000000E-002   1.1416809237455174      -0.56855962645029456     
   2.2499999999999999E-002   1.1509730101896374      -0.56286813711449146     
   2.4999999999999998E-002   1.1601300698303705      -0.55711061470527135     
   2.7499999999999997E-002   1.1691528380855309      -0.55128860370264976     
   2.9999999999999995E-002   1.1780420360940618      -0.54540361055401443     
   3.2499999999999994E-002   1.1867983708873269      -0.53945710510352951     
   3.4999999999999996E-002   1.1954225355624917      -0.53345052195910714     
   3.7499999999999999E-002   1.2039152094573540      -0.52738526180024137     
   4.0000000000000001E-002   1.2122770583260585      -0.52126269262980374     
   4.2500000000000003E-002   1.2205087345151864      -0.51508415097271631     
   4.5000000000000005E-002   1.2286108771397695      -0.50885094302424627     
   4.7500000000000007E-002   1.2365841122588270      -0.50256434575050646     
   5.0000000000000010E-002   1.2444290530500697      -0.49622560794359738     
   5.2500000000000012E-002   1.2521462999834534      -0.48983595123368501     
   5.5000000000000014E-002   1.2597364409933056      -0.48339657106017953     
   5.7500000000000016E-002   1.2672000516487776      -0.47690863760405711     
   6.0000000000000019E-002   1.2745376953224061      -0.47037329668325234     
   6.2500000000000014E-002   1.2817499233565961      -0.46379167061294213     
   6.5000000000000016E-002   1.2888372752278585      -0.45716485903244108     
   6.7500000000000018E-002   1.2958002787086607      -0.45049393970033452     
   7.0000000000000021E-002   1.3026394500267648      -0.44377996925938656     
   7.2500000000000023E-002   1.3093552940219497      -0.43702398397267844     
   7.5000000000000025E-002   1.3159483043000240      -0.43022700043235423     
   7.7500000000000027E-002   1.3224189633840562      -0.42339001624227801     
   8.0000000000000029E-002   1.3287677428627580      -0.41651401067583826     
   8.2500000000000032E-002   1.3349951035359688      -0.40959994531007077     
   8.5000000000000034E-002   1.3411014955572005      -0.40264876463721061     
   8.7500000000000036E-002   1.3470873585732095      -0.39566139665472722     
   9.0000000000000038E-002   1.3529531218605730      -0.38863875343484272     
   9.2500000000000041E-002   1.3586992044592521      -0.38158173167448334     
   9.5000000000000043E-002   1.3643260153031307      -0.37449121322656631     
   9.7500000000000045E-002   1.3698339533475270      -0.36736806561348023     
  0.10000000000000005        1.3752234076936773      -0.36021314252357450     
  0.10250000000000005        1.3804947577101974      -0.35302728429143387     
  0.10500000000000005        1.3856483731515299      -0.34581131836267687     
  0.10750000000000005        1.3906846142733922      -0.33856605974398180     
  0.11000000000000006        1.3956038319452369      -0.33129231143901028     
  0.11250000000000006        1.4004063677597460      -0.32399086487086776     
  0.11500000000000006        1.4050925541393784      -0.31666250029171011     
  0.11750000000000006        1.4096627144399907      -0.30930798718007801     
  0.12000000000000006        1.4141171630515592      -0.30192808462651438     
  0.12250000000000007        1.4184562054960248      -0.29452354170799522     
  0.12500000000000006        1.4226801385222887      -0.28709509785168091     
  0.12750000000000006        1.4267892501983861      -0.27964348318847271     
  0.13000000000000006        1.4307838200008651      -0.27216941889683821     
  0.13250000000000006        1.4346641189014000      -0.26467361753735025     
  0.13500000000000006        1.4384304094506664      -0.25715678337836440     
  0.13750000000000007        1.4420829458595088      -0.24961961271324298     
  0.14000000000000007        1.4456219740774285      -0.24206279416951704     
  0.14250000000000007        1.4490477318684198      -0.23448700901036137     
  0.14500000000000007        1.4523604488841853      -0.22689293142874373     
  0.14750000000000008        1.4555603467347566      -0.21928122883459433     
  0.15000000000000008        1.4586476390565513      -0.21165256213532960     
  0.15250000000000008        1.4616225315778890      -0.20400758601005051     
  0.15500000000000008        1.4644852221819997      -0.19634694917772519     
  0.15750000000000008        1.4672359009675455      -0.18867129465965340     
  0.16000000000000009        1.4698747503066851      -0.18098126003650061     
  0.16250000000000009        1.4724019449007046      -0.17327747770017929     
  0.16500000000000009        1.4748176518332403      -0.16556057510084587     
  0.16750000000000009        1.4771220306211155      -0.15783117498927290     
  0.17000000000000010        1.4793152332628161      -0.15008989565484782     
  0.17250000000000010        1.4813974042846263      -0.14233735115944215     
  0.17500000000000010        1.4833686807844453      -0.13457415156738742     
  0.17750000000000010        1.4852291924733056      -0.12680090317178749     
  0.18000000000000010        1.4869790617146135      -0.11901820871739079     
  0.18250000000000011        1.4886184035611274      -0.11122666762023947     
  0.18500000000000011        1.4901473257896958      -0.10342687618430785     
  0.18750000000000011        1.4915659289337673       -9.5619427815336402E-002
  0.19000000000000011        1.4928743063136911       -8.7804913232063686E-002
  0.19250000000000012        1.4940725440648217       -7.9983920675053527E-002
  0.19500000000000012        1.4951607211634412       -7.2157036113311174E-002
  0.19750000000000012        1.4961389094505131       -6.4324843448878219E-002
  0.20000000000000012        1.4970071736532775       -5.6487924719592811E-002
  0.20250000000000012        1.4977655714046998       -4.8646860300198602E-002
  0.20500000000000013        1.4984141532607820       -4.0802229101983098E-002
  0.20750000000000013        1.4989529627157454       -3.2954608771123738E-002
  0.21000000000000013        1.4993820362150918       -2.5104575885917822E-002
  0.21250000000000013        1.4997014031665505       -1.7252706153070608E-002
  0.21500000000000014        1.4999110859489164       -9.3995746032143491E-003
  0.21750000000000014        1.5000110999187828       -1.5457557858297734E-003
  0.22000000000000014        1.5000014534151740        6.3081760362594741E-003
