   0.0000000000000000       0.14888403164315853     
   4.0000000000000001E-002  0.15122446842422355     
   8.0000000000000002E-002  0.15362477994530568     
  0.12000000000000000       0.15608233423362947     
  0.16000000000000000       0.15859152700596388     
  0.20000000000000001       0.16114499646134794     
  0.24000000000000002       0.16373521326258361     
  0.28000000000000003       0.16635607981951855     
  0.32000000000000001       0.16900415619315065     
  0.35999999999999999       0.17167920768577344     
  0.39999999999999997       0.17438392770471178     
  0.43999999999999995       0.17712289373674553     
  0.47999999999999993       0.17990101525160715     
  0.51999999999999991       0.18272187857457653     
  0.55999999999999994       0.18558644421327750     
  0.59999999999999998       0.18849248751269851     
  0.64000000000000001       0.19143500278825004     
  0.68000000000000005       0.19440755105467122     
  0.72000000000000008       0.19740427918369746     
  0.76000000000000012       0.20042213772543449     
  0.80000000000000016       0.20346273055998587     
  0.84000000000000019       0.20653327317336798     
  0.88000000000000023       0.20964631584256763     
  0.92000000000000026       0.21281816712885804     
  0.96000000000000030       0.21606626838718168     
   1.0000000000000002       0.21940604527459062     
   1.0400000000000003       0.22284792672183387     
   1.0800000000000003       0.22639522802803969     
   1.1200000000000003       0.23004343141294459     
   1.1600000000000004       0.23378109435986860     
   1.2000000000000004       0.23759223944940155     
   1.2400000000000004       0.24145971740900518     
   1.2800000000000005       0.24536877807760599     
   1.3200000000000005       0.24931000207663073     
   1.3600000000000005       0.25328087043945569     
   1.4000000000000006       0.25728556198833774     
   1.4400000000000006       0.26133300192494713     
   1.4800000000000006       0.26543363757749988     
   1.5200000000000007       0.26959577414937685     
   1.5600000000000007       0.27382246665044874     
   1.6000000000000008       0.27810987886266292     
   1.6400000000000008       0.28244769141605697     
   1.6800000000000008       0.28682163732081989     
   1.7200000000000009       0.29121768291784600     
   1.7600000000000009       0.29562689583746266     
   1.8000000000000009       0.30004977719075587     
   1.8400000000000010       0.30449886445771907     
   1.8800000000000010       0.30899874608948530     
   1.9200000000000010       0.31358320384702432     
   1.9600000000000011       0.31828988539864495     
   2.0000000000000009       0.32315354373012734     
   2.0400000000000009       0.32819930146417509     
   2.0800000000000010       0.33343749071663514     
   2.1200000000000010       0.33886134027125364     
   2.1600000000000010       0.34444817764551039     
   2.2000000000000011       0.35016401225232158     
   2.2400000000000011       0.35597055162733388     
   2.2800000000000011       0.36183307485757810     
   2.3200000000000012       0.36772731260225106     
   2.3600000000000012       0.37364365222286100     
   2.4000000000000012       0.37958758606901438     
   2.4400000000000013       0.38557622819671994     
   2.4800000000000013       0.39163172986347999     
   2.5200000000000014       0.39777327642412791     
   2.5600000000000014       0.40400981765494093     
   2.6000000000000014       0.41033562202805929     
   2.6400000000000015       0.41673013227634120     
   2.6800000000000015       0.42316255628159305     
   2.7200000000000015       0.42960039590254973     
   2.7600000000000016       0.43602000368730326     
   2.8000000000000016       0.44241655874286023     
   2.8400000000000016       0.44881077440026140     
   2.8800000000000017       0.45525025061329394     
   2.9200000000000017       0.46180455289806466     
   2.9600000000000017       0.46855457787715271     
   3.0000000000000018       0.47557820373874587     
   3.0400000000000018       0.48293526520316904     
   3.0800000000000018       0.49065525923483500     
   3.1200000000000019       0.49873075183280913     
   3.1600000000000019       0.50711827718928537     
   3.2000000000000020       0.51574684047624630     
   3.2400000000000020       0.52453233225244178     
   3.2800000000000020       0.53339466794520041     
   3.3200000000000021       0.54227366650052367     
   3.3600000000000021       0.55113982191165634     
   3.4000000000000021       0.55999722937699281     
   3.4400000000000022       0.56887779316568288     
   3.4800000000000022       0.57782804556854062     
   3.5200000000000022       0.58689190456006168     
   3.5600000000000023       0.59609395989030001     
   3.6000000000000023       0.60542802096909876     
   3.6400000000000023       0.61485456715719877     
   3.6800000000000024       0.62430861144838135     
   3.7200000000000024       0.63371680948273212     
   3.7600000000000025       0.64302008199411809     
   3.8000000000000025       0.65219624544345578     
   3.8400000000000025       0.66127667025598458     
   3.8800000000000026       0.67035200745318912     
   3.9200000000000026       0.67956436829417310     
   3.9600000000000026       0.68908649182852399     
   4.0000000000000027       0.69909165293436981     
   4.0400000000000027       0.70972056183584009     
   4.0800000000000027       0.72105264000656266     
   4.1200000000000028       0.73308848081684164     
   4.1600000000000028       0.74574806147190664     
   4.2000000000000028       0.75888580824717555     
   4.2400000000000029       0.77231968777677129     
   4.2800000000000029       0.78586802065868522     
   4.3200000000000029       0.79938556415120043     
   4.3600000000000030       0.81279020857934858     
   4.4000000000000030       0.82607357035553342     
   4.4400000000000031       0.83929251869982335     
   4.4800000000000031       0.85254342855907062     
   4.5200000000000031       0.86592556177553137     
   4.5600000000000032       0.87950322931027569     
   4.6000000000000032       0.89327731855801884     
   4.6400000000000032       0.90717495849721519     
   4.6800000000000033       0.92106182111886314     
   4.7200000000000033       0.93477578327146404     
   4.7600000000000033       0.94817482993998592     
   4.8000000000000034       0.96118770453314872     
   4.8400000000000034       0.97385413393378928     
   4.8800000000000034       0.98634305674842870     
   4.9200000000000035       0.99894192024156270     
   4.9600000000000035        1.0120167628138323     
   5.0000000000000036        1.0259499073302103     
   5.0400000000000036        1.0410679400008889     
   5.0800000000000036        1.0575757741465768     
   5.1200000000000037        1.0755121280083753     
   5.1600000000000037        1.0947376159508699     
   5.2000000000000037        1.1149596407665401     
   5.2400000000000038        1.1357898646820099     
   5.2800000000000038        1.1568221292575216     
   5.3200000000000038        1.1777132144467424     
   5.3600000000000039        1.1982472853006874     
   5.4000000000000039        1.2183679680522908     
   5.4400000000000039        1.2381693428111029     
   5.4800000000000040        1.2578472357163404     
   5.5200000000000040        1.2776226641204873     
   5.5600000000000041        1.2976574109529222     
   5.6000000000000041        1.3179851121466835     
   5.6400000000000041        1.3384786269564499     
   5.6800000000000042        1.3588660595255340     
   5.7200000000000042        1.3787954629151684     
   5.7600000000000042        1.3979350522981562     
   5.8000000000000043        1.4160851737709412     
   5.8400000000000043        1.4332732734169602     
   5.8800000000000043        1.4498052680143081     
   5.9200000000000044        1.4662557830469243     
   5.9600000000000044        1.4833936641205356     
   6.0000000000000044        1.5020546970968061     
   6.0400000000000045        1.5229868719171502     
   6.0800000000000045        1.5467015357551337     
   6.1200000000000045        1.5733643392462715     
   6.1600000000000046        1.6027525601772936     
   6.2000000000000046        1.6342915035341792     
   6.2400000000000047        1.6671650429566605     
   6.2800000000000047        1.7004778045848019     
   6.3200000000000047        1.7334330996484142     
   6.3600000000000048        1.7654850147772394     
   6.4000000000000048        1.7964271550341000     
   6.4400000000000048        1.8263943390155923     
   6.4800000000000049        1.8557745265651955     
   6.5200000000000049        1.8850516680258216     
   6.5600000000000049        1.9146199958744412     
   6.6000000000000050        1.9446207961687336     
   6.6400000000000050        1.9748501374884049     
   6.6800000000000050        2.0047699805453196     
   6.7200000000000051        2.0336289525758771     
   6.7600000000000051        2.0606694027504018     
   6.8000000000000052        2.0853721189881611     
   6.8400000000000052        2.1076763683283888     
   6.8800000000000052        2.1281148559439473     
   6.9200000000000053        2.1478207712415371     
   6.9600000000000053        2.1683931933352887     
   7.0000000000000053        2.1916407449608104     
   7.0400000000000054        2.2192534693703121     
   7.0800000000000054        2.2524723533395803     
   7.1200000000000054        2.2918301023421779     
   7.1600000000000055        2.3370243828405419     
   7.2000000000000055        2.3869579302315982     
   7.2400000000000055        2.4399438538927143     
   7.2800000000000056        2.4940365075128761     
   7.3200000000000056        2.5474167873234181     
   7.3600000000000056        2.5987435323610768     
   7.4000000000000057        2.6473854545979356     
   7.4400000000000057        2.6934723720743752     
   7.4800000000000058        2.7377468682468180     
   7.5200000000000058        2.7812488792776557     
   7.5600000000000058        2.8249132129339021     
   7.6000000000000059        2.8691899126269269     
   7.6400000000000059        2.9137992871393426     
   7.6800000000000059        2.9577040304177067     
   7.7200000000000060        2.9993259426029946     
   7.7600000000000060        3.0369682902088413     
   7.8000000000000060        3.0693451152872915     
   7.8400000000000061        3.0960829323192631     
   7.8800000000000061        3.1180588588310747     
   7.9200000000000061        3.1374732929132101     
   7.9600000000000062        3.1576161334144599     
   8.0000000000000053        3.1823578870405425     
   8.0400000000000045        3.2154632973000759     
   8.0800000000000036        3.2598701478436896     
   8.1200000000000028        3.3170898802144482     
   8.1600000000000019        3.3868666615683041     
   8.2000000000000011        3.4671811843439899     
   8.2400000000000002        3.5546139670428039     
   8.2799999999999994        3.6450036135195720     
   8.3199999999999985        3.7342643299173797     
   8.3599999999999977        3.8191804528574567     
   8.3999999999999968        3.8979877874047726     
   8.4399999999999959        3.9705898101335073     
   8.4799999999999951        4.0383386014070366     
   8.5199999999999942        4.1034204756830590     
   8.5599999999999934        4.1679980289377196     
   8.5999999999999925        4.2333414859532557     
   8.6399999999999917        4.2992046435732920     
   8.6799999999999908        4.3636507801886877     
   8.7199999999999900        4.4234196651570343     
   8.7599999999999891        4.4747777686251631     
   8.7999999999999883        4.5146526227006056     
   8.8399999999999874        4.5417610100138361     
   8.8799999999999866        4.5574265385678601     
   8.9199999999999857        4.5658491890867374     
   8.9599999999999849        4.5737182310237721     
   8.9999999999999840        4.5892155329838458     
   9.0399999999999832        4.6205998376782871     
   9.0799999999999823        4.6746619166487635     
   9.1199999999999815        4.7553767086651932     
   9.1599999999999806        4.8630469863756129     
   9.1999999999999797        4.9941411921672776     
   9.2399999999999789        5.1418918590649696     
   9.2799999999999780        5.2975627245686860     
   9.3199999999999772        5.4521396254377414     
   9.3599999999999763        5.5980838858249271     
   9.3999999999999755        5.7307390592491183     
   9.4399999999999746        5.8490275815072872     
   9.4799999999999738        5.9552206795239879     
   9.5199999999999729        6.0537927113901082     
   9.5599999999999721        6.1496287873581865     
   9.5999999999999712        6.2460681657342292     
   9.6399999999999704        6.3433605457226649     
   9.6799999999999695        6.4380405638736864     
   9.7199999999999687        6.5234914298000009     
   9.7599999999999678        6.5916330764088000     
   9.7999999999999670        6.6353348384533541     
   9.8399999999999661        6.6509232117930228     
   9.8799999999999653        6.6401029129449940     
   9.9199999999999644        6.6107464515676035     
   9.9599999999999635        6.5762867115577954     
   9.9999999999999627        6.5537843884868705     
   10.039999999999962        6.5610482300196171     
