   0.0000000000000000       0.14888403164315853     
   4.0000000000000001E-002  0.14660346960211057     
   8.0000000000000002E-002  0.14452317683909305     
  0.12000000000000000       0.14276946584243205     
  0.16000000000000000       0.14144757291504526     
  0.20000000000000001       0.14063614665287300     
  0.24000000000000002       0.14038330238794547     
  0.28000000000000003       0.14070425107347939     
  0.32000000000000001       0.14158049418736740     
  0.35999999999999999       0.14296059857673782     
  0.39999999999999997       0.14476259594534363     
  0.43999999999999995       0.14687805707703558     
  0.47999999999999993       0.14917784404883508     
  0.51999999999999991       0.15151943306231358     
  0.55999999999999994       0.15375553427388844     
  0.59999999999999998       0.15574354028812218     
  0.64000000000000001       0.15735515211412582     
  0.68000000000000005       0.15848540431263075     
  0.72000000000000008       0.15906027645057397     
  0.76000000000000012       0.15904215576524819     
  0.80000000000000016       0.15843260368987500     
  0.84000000000000019       0.15727215145210285     
  0.88000000000000023       0.15563716446471559     
  0.92000000000000026       0.15363412026664122     
  0.96000000000000030       0.15139189142851558     
   1.0000000000000002       0.14905277702856115     
   1.0400000000000003       0.14676306798356722     
   1.0800000000000003       0.14466386915570195     
   1.1200000000000003       0.14288276104903017     
   1.1600000000000004       0.14152670509115939     
   1.2000000000000004       0.14067642097039043     
   1.2400000000000004       0.14038232717246579     
   1.2800000000000005       0.14066205653763025     
   1.3200000000000005       0.14149953800736259     
   1.3600000000000005       0.14284565617680009     
   1.4000000000000006       0.14462053159456062     
   1.4400000000000006       0.14671747301408933     
   1.4800000000000006       0.14900861033987878     
   1.5200000000000007       0.15135211096468490     
   1.5600000000000007       0.15360071925790711     
   1.6000000000000008       0.15561116506295763     
   1.6400000000000008       0.15725380184998969     
   1.6800000000000008       0.15842170269230638     
   1.7200000000000009       0.15903840003476338     
   1.7600000000000009       0.15906352468929658     
   1.8000000000000009       0.15849577988898650     
   1.8400000000000010       0.15737295393621883     
   1.8800000000000010       0.15576898814134710     
   1.9200000000000010       0.15378842420384453     
   1.9600000000000011       0.15155880747396838     
   2.0000000000000009       0.14922178235037489     
   2.0400000000000009       0.14692366577822688     
   2.0800000000000010       0.14480622928597081     
   2.1200000000000010       0.14299828429868172     
   2.1600000000000010       0.14160848801111228     
   2.2000000000000011       0.14071961003264180     
   2.2400000000000011       0.14038435905288615     
   2.2800000000000011       0.14062278500615874     
   2.3200000000000012       0.14142124771707298     
   2.3600000000000012       0.14273296139512995     
   2.4000000000000012       0.14448015603680892     
   2.4400000000000013       0.14655790777905053     
   2.4800000000000013       0.14883965209693978     
   2.5200000000000014       0.15118429230384478     
   2.5600000000000014       0.15344465632609447     
   2.6000000000000014       0.15547686184705034     
   2.6400000000000015       0.15714996259114172     
   2.6800000000000015       0.15835511083491202     
   2.7200000000000015       0.15901342155707349     
   2.7600000000000016       0.15908178478449386     
   2.8000000000000016       0.15855604560850969     
   2.8400000000000016       0.15747123397238766     
   2.8800000000000017       0.15589883787293879     
   2.9200000000000017       0.15394142322905111     
   2.9600000000000017       0.15172516138788575     
   3.0000000000000018       0.14939099258967983     
   3.0400000000000018       0.14708521147758788     
   3.0800000000000018       0.14495021218420659     
   3.1200000000000019       0.14311599943729267     
   3.1600000000000019       0.14169289626039189     
   3.2000000000000020       0.14076570041730913     
   3.2400000000000020       0.14038939726055533     
   3.2800000000000020       0.14058644843685214     
   3.3200000000000021       0.14134564747444178     
   3.3600000000000021       0.14262254944323968     
   3.4000000000000021       0.14434151375268470     
   3.4400000000000022       0.14639941270834800     
   3.4800000000000022       0.14867102453081107     
   3.5200000000000022       0.15101603274579872     
   3.5600000000000023       0.15328739794900434     
   3.6000000000000023       0.15534067630411094     
   3.6400000000000023       0.15704366993022437     
   3.6800000000000024       0.15828565165031921     
   3.7200000000000024       0.15898534954412757     
   3.7600000000000025       0.15909692957728475     
   3.8000000000000025       0.15861337990032942     
   3.8400000000000025       0.15756695774321064     
   3.8800000000000026       0.15602666948440780     
   3.9200000000000026       0.15409306597246886     
   3.9600000000000026       0.15189089812359402     
   4.0000000000000027       0.14956035260017447     
   4.0400000000000027       0.14724765321504399     
   4.0800000000000027       0.14509577224991896     
   4.1200000000000028       0.14323586959964818     
   4.1600000000000028       0.14177990359984952     
   4.2000000000000028       0.14081467780686616     
   4.2400000000000029       0.14039744010353078     
   4.2800000000000029       0.14055305787881606     
   4.3200000000000029       0.14127276058723914     
   4.3600000000000030       0.14251445478651625     
   4.4000000000000030       0.14420464862693835     
   4.4400000000000031       0.14624203873696814     
   4.4800000000000031       0.14850278268281542     
   4.5200000000000031       0.15084738804463793     
   4.5600000000000032       0.15312899695112578     
   4.6000000000000032       0.15520265470472971     
   4.6400000000000032       0.15693496028411508     
   4.6800000000000033       0.15821334903339807     
   4.7200000000000033       0.15895419359550161     
   4.7600000000000033       0.15910895367333922     
   4.8000000000000034       0.15866776281999076     
   4.8400000000000034       0.15766009228603095     
   4.8800000000000034       0.15615243944881971     
   4.9200000000000035       0.15424330146851303     
   4.9600000000000035       0.15205596277920433     
   5.0000000000000036       0.14972980712588266     
   5.0400000000000036       0.14741093878151956     
   5.0800000000000036       0.14524286334071904     
   5.1200000000000037       0.14335785721928113     
   5.1600000000000037       0.14186948297245799     
   5.2000000000000037       0.14086652699224889     
   5.2400000000000038       0.14040848496719438     
   5.2800000000000038       0.14052262346996947     
   5.3200000000000038       0.14120260950732297     
   5.3600000000000039       0.14240871113515546     
   5.4000000000000039       0.14406960393609411     
   5.4400000000000039       0.14608583638304579     
   5.4800000000000040       0.14833498140702034     
   5.5200000000000040       0.15067841402342447     
   5.5600000000000041       0.15296950649185234     
   5.6000000000000041       0.15506284390903069     
   5.6400000000000041       0.15682387087989480     
   5.6800000000000042       0.15813822785468246     
   5.7200000000000042       0.15891996438004691     
   5.7600000000000042       0.15911785275989218     
   5.8000000000000043       0.15871917543475694     
   5.8400000000000043       0.15775060550584408     
   5.8800000000000043       0.15627610490382296     
   5.9200000000000044       0.15439207917420072     
   5.9600000000000044       0.15222030061640607     
   6.0000000000000044       0.14989930081897795     
   6.0400000000000045       0.14757501564126296     
   6.0800000000000045       0.14539143878542851     
   6.1200000000000045       0.14348192403856005     
   6.1600000000000046       0.14196160651028122     
   6.2000000000000046       0.14092123187674616     
   6.2400000000000047       0.14042252831507213     
   6.2800000000000047       0.14049515443476746     
   6.3200000000000047       0.14113521582514685     
   6.3600000000000048       0.14230535143533912     
   6.4000000000000048       0.14393642233631035     
   6.4400000000000048       0.14593085573266765     
   6.4800000000000049       0.14816767535259220     
   6.5200000000000049       0.15050916655513352     
   6.5600000000000049       0.15280898004638621     
   6.6000000000000050       0.15492129134915034     
   6.6400000000000050       0.15671043974052584     
   6.6800000000000050       0.15806031395066905     
   6.7200000000000051       0.15888267363178685     
   6.7600000000000051       0.15912362360764432     
   6.8000000000000052       0.15876759983128852     
   6.8400000000000052       0.15783846618788680     
   6.8800000000000052       0.15639762366787044     
   6.9200000000000053       0.15453934898746233     
   6.9600000000000053       0.15238385707928909     
   7.0000000000000053       0.15006877825771456     
   7.0400000000000054       0.14773983094783208     
   7.0800000000000054       0.14554145139740904     
   7.1200000000000054       0.14360803111900103     
   7.1600000000000055       0.14205624554168467     
   7.2000000000000055       0.14097877548010898     
   7.2400000000000055       0.14043956568988919     
   7.2800000000000056       0.14047065908214926     
   7.3200000000000056       0.14107060026450308     
   7.3600000000000056       0.14220440786065086     
   7.4000000000000057       0.14380514585146745     
   7.4400000000000057       0.14577714642486239     
   7.4800000000000058       0.14800091894630035     
   7.5200000000000058       0.15033970154365434     
   7.5600000000000058       0.15264747138659601     
   7.6000000000000059       0.15477804501155140     
   7.6400000000000059       0.15659470567024902     
   7.6800000000000059       0.15797963411374125     
   7.7200000000000060       0.15884233414539389     
   7.7600000000000060       0.15912626407224037     
   7.8000000000000060       0.15881301912291135     
   7.8400000000000061       0.15792364400992831     
   7.8800000000000061       0.15651695425623968     
   7.9200000000000061       0.15468506126534426     
   7.9600000000000062       0.15254657781316805     
   8.0000000000000053       0.15023818396446342     
   8.0400000000000045       0.14790533156023089     
   8.0800000000000036       0.14569285348808228     
   8.1200000000000028       0.14373613885181119     
   8.1600000000000019       0.14215337059875849     
   8.2000000000000011       0.14103913994288761     
   8.2400000000000002       0.14045959171483902     
   8.2799999999999994       0.14044914480371534     
   8.3199999999999985       0.14100878267749697     
   8.3599999999999977       0.14210591180374407     
   8.3999999999999968       0.14367581586149242     
   8.4399999999999959       0.14562475763681926     
   8.4799999999999951       0.14783476637517695     
   8.5199999999999942       0.15017007490485834     
   8.5599999999999934       0.15248503456183327     
   8.5999999999999925       0.15463315341916264     
   8.6399999999999917       0.15647670823970591     
   8.6799999999999908       0.15789621608171811     
   8.7199999999999900       0.15879895977123804     
   8.7599999999999891       0.15912577309530554     
   8.7999999999999883       0.15885541745650431     
   8.8399999999999874       0.15800610955421823     
   8.8799999999999866       0.15663405589682450     
   8.9199999999999857       0.15482916684211881     
   8.9599999999999849       0.15270840868341556     
   8.9999999999999840       0.15040746242384945     
   9.0399999999999832       0.14807146405922972     
   9.0799999999999823       0.14584559688067145     
   9.1199999999999815       0.14386620696863636     
   9.1599999999999806       0.14225295142496985     
   9.1999999999999797       0.14110230653098663     
   9.2399999999999789       0.14048260009507307     
   9.2799999999999780       0.14043061807213159     
   9.3199999999999772       0.14094978203976360     
   9.3599999999999763       0.14200989386823420     
   9.3999999999999755       0.14354847309092886     
   9.4399999999999746       0.14547373806930300     
   9.4799999999999738       0.14766927156932011     
   9.5199999999999729       0.15000034254773734     
   9.5599999999999721       0.15232172387971135     
   9.5999999999999712       0.15448666561338820     
   9.6399999999999704       0.15635648777079256     
   9.6799999999999695       0.15781008852705825     
   9.7199999999999687       0.15875256541001675     
   9.7599999999999678       0.15912215070504748     
   9.7999999999999670       0.15889478001896784     
   9.8399999999999661       0.15808583431912432     
   9.8799999999999653       0.15674888854569852     
   9.9199999999999644       0.15497161704727577     
   9.9599999999999635       0.15286929579429770     
   9.9999999999999627       0.15057655810097501     
   10.039999999999962       0.14823817476382806     
