   0.0000000000000000       0.17453293005625406     
   4.0000000000000001E-002  0.17453293005625406     
   8.0000000000000002E-002  0.17179625365970877     
  0.12000000000000000       0.16632290086661819     
  0.16000000000000000       0.15815578276371534     
  0.20000000000000001       0.14738072152446619     
  0.24000000000000002       0.13412577756321667     
  0.28000000000000003       0.11855990384348648     
  0.32000000000000001       0.10089093789063312     
  0.35999999999999999        8.1362952609332281E-002
  0.39999999999999997        6.0252997391116836E-002
  0.43999999999999995        3.7867271051157059E-002
  0.47999999999999993        1.4536777693716817E-002
  0.51999999999999991       -9.3874744853617385E-003
  0.55999999999999994       -3.3539663343114048E-002
  0.59999999999999998       -5.7544656598071058E-002
  0.64000000000000001       -8.1023747921572548E-002
  0.68000000000000005      -0.10360053901205504     
  0.72000000000000008      -0.12490687771040079     
  0.76000000000000012      -0.14458875992542114     
  0.80000000000000016      -0.16231210225982384     
  0.84000000000000019      -0.17776829279447096     
  0.88000000000000023      -0.19067942951615033     
  0.92000000000000026      -0.20080315935256179     
  0.96000000000000030      -0.20793703567596930     
   1.0000000000000002      -0.21192231839944836     
   1.0400000000000003      -0.21264714834007090     
   1.0800000000000003      -0.21004903626351651     
   1.1200000000000003      -0.20411661683609506     
   1.1600000000000004      -0.19489062845595978     
   1.2000000000000004      -0.18246409146154308     
   1.2400000000000004      -0.16698166935346104     
   1.2800000000000005      -0.14863821023557838     
   1.3200000000000005      -0.12767647849127470     
   1.3600000000000005      -0.10438409956511635     
   1.4000000000000006       -7.9089753417251052E-002
   1.4400000000000006       -5.2158664556349231E-002
   1.4800000000000006       -2.3987448337728638E-002
   1.5200000000000007        5.0016157570530739E-003
   1.5600000000000007        3.4366803049090761E-002
   1.6000000000000008        6.3653565004531482E-002
   1.6400000000000008        9.2401455477674546E-002
   1.6800000000000008       0.12015125803212102     
   1.7200000000000009       0.14645220573647888     
   1.7600000000000009       0.17086918167822582     
   1.8000000000000009       0.19298978698933111     
   1.8400000000000010       0.21243116347957669     
   1.8800000000000010       0.22884646005093373     
   1.9200000000000010       0.24193083591410217     
   1.9600000000000011       0.25142689921383360     
   2.0000000000000009       0.25712948693260046     
   2.0400000000000009       0.25888970079496498     
   2.0800000000000010       0.25661812422375668     
   2.1200000000000010       0.25028715706507643     
   2.1600000000000010       0.23993241764025405     
   2.2000000000000011       0.22565317551626968     
   2.2400000000000011       0.20761179301046456     
   2.2800000000000011       0.18603216864370045     
   2.3200000000000012       0.16119719129917418     
   2.3600000000000012       0.13344522949354215     
   2.4000000000000012       0.10316569567914560     
   2.4400000000000013        7.0793740625566065E-002
   2.4800000000000013        3.6804147432253846E-002
   2.5200000000000014        1.7045083643282177E-003
   2.5600000000000014       -3.3972219746566883E-002
   2.6000000000000014       -6.9675674549134828E-002
   2.6400000000000015      -0.10484644493570910     
   2.6800000000000015      -0.13892470072408961     
   2.7200000000000015      -0.17135896422388161     
   2.7600000000000016      -0.20161488837392344     
   2.8000000000000016      -0.22918390391264018     
   2.8400000000000016      -0.25359159794012581     
   2.8800000000000017      -0.27440568828431988     
   2.9200000000000017      -0.29124346229542275     
   2.9600000000000017      -0.30377855503048551     
   3.0000000000000018      -0.31174695018787563     
   3.0400000000000018      -0.31495209750968184     
   3.0800000000000018      -0.31326905255740456     
   3.1200000000000019      -0.30664755862005971     
   3.1600000000000019      -0.29511400584301262     
   3.2000000000000020      -0.27877221925322160     
   3.2400000000000020      -0.25780304496175049     
   3.2800000000000020      -0.23246272218731434     
   3.3200000000000021      -0.20308004758920270     
   3.3600000000000021      -0.17005235743625197     
   3.4000000000000021      -0.13384037207512742     
   3.4400000000000022       -9.4961965697506590E-002
   3.4800000000000022       -5.3984942244902918E-002
   3.5200000000000022       -1.1518915141182254E-002
   3.5600000000000023        3.1793595873413377E-002
   3.6000000000000023        7.5286723480938039E-002
   3.6400000000000023       0.11828132749546494     
   3.6800000000000024       0.16009543566283505     
   3.7200000000000024       0.20005489257897968     
   3.7600000000000025       0.23750405301507380     
   3.8000000000000025       0.27181635267447762     
   3.8400000000000025       0.30240458871012460     
   3.8800000000000026       0.32873074425288401     
   3.9200000000000026       0.35031519575238207     
   3.9600000000000026       0.36674514908167427     
   4.0000000000000027       0.37768216003466137     
   4.0400000000000027       0.38286860693812613     
   4.0800000000000027       0.38213299745698792     
   4.1200000000000028       0.37539400810221768     
   4.1600000000000028       0.36266317323070413     
   4.2000000000000028       0.34404616019758666     
   4.2400000000000029       0.31974258849753573     
   4.2800000000000029       0.29004437290059210     
   4.3200000000000029       0.25533259341842940     
   4.3600000000000030       0.21607291808067089     
   4.4000000000000030       0.17280962760019009     
   4.4400000000000031       0.12615831369826414     
   4.4800000000000031        7.6797344782829888E-002
   4.5200000000000031        2.5458213470106395E-002
   4.5600000000000032       -2.7085100232248558E-002
   4.6000000000000032       -8.0027598729584010E-002
   4.6400000000000032      -0.13254540284701208     
   4.6800000000000033      -0.18380837419193780     
   4.7200000000000033      -0.23299303357977272     
   4.7600000000000033      -0.27929557760418416     
   4.8000000000000034      -0.32194479079096094     
   4.8400000000000034      -0.36021464923566987     
   4.8800000000000034      -0.39343641326252682     
   4.9200000000000035      -0.42101001147943967     
   4.9600000000000035      -0.44241452661632880     
   5.0000000000000036      -0.45721760464473826     
   5.0400000000000036      -0.46508362276078952     
   5.0800000000000036      -0.46578046869647954     
   5.1200000000000037      -0.45918480328534811     
   5.1600000000000037      -0.44528569998291095     
   5.2000000000000037      -0.42418657882482746     
   5.2400000000000038      -0.39610537775512150     
   5.2800000000000038      -0.36137293099999079     
   5.3200000000000038      -0.32042955180077803     
   5.3600000000000039      -0.27381984493320310     
   5.4000000000000039      -0.22218580259560466     
   5.4400000000000039      -0.16625826500589042     
   5.4800000000000040      -0.10684685396367136     
   5.5200000000000040       -4.4828513275421943E-002
   5.5600000000000041        1.8865186115584909E-002
   5.6000000000000041        8.3261796608430944E-002
   5.6400000000000041       0.14736260097722742     
   5.6800000000000042       0.21015786034979422     
   5.7200000000000042       0.27064247409406661     
   5.7600000000000042       0.32783181252391913     
   5.8000000000000043       0.38077747687738317     
   5.8400000000000043       0.42858273831042581     
   5.8800000000000043       0.47041740878982702     
   5.9200000000000044       0.50553190180172769     
   5.9600000000000044       0.53327024970024384     
   6.0000000000000044       0.55308185722423286     
   6.0400000000000045       0.56453178707018081     
   6.0800000000000045       0.56730939322606566     
   6.1200000000000045       0.56123514078840864     
   6.1600000000000046       0.54626547689183780     
   6.2000000000000046       0.52249564581642938     
   6.2400000000000047       0.49016037189664990     
   6.2800000000000047       0.44963236609101581     
   6.3200000000000047       0.40141864550445716     
   6.3600000000000048       0.34615468928037446     
   6.4000000000000048       0.28459648857227865     
   6.4400000000000048       0.21761058223062854     
   6.4800000000000049       0.14616220286131315     
   6.5200000000000049        7.1301689496212017E-002
   6.5600000000000049       -5.8506472543596640E-003
   6.6000000000000050       -8.4120994517991501E-002
   6.6400000000000050      -0.16229960363088949     
   6.6800000000000050      -0.23915919552407369     
   6.7200000000000051      -0.31347392958279563     
   6.7600000000000051      -0.38403864738271448     
   6.8000000000000052      -0.44968809387111047     
   6.8400000000000052      -0.50931581425134620     
   6.8800000000000052      -0.56189242518244897     
   6.9200000000000053      -0.60648296399065982     
   6.9600000000000053      -0.64226302940053392     
   7.0000000000000053      -0.66853344174995055     
   7.0400000000000054      -0.68473316960236363     
   7.0800000000000054      -0.69045029288411730     
   7.1200000000000054      -0.68543079985754196     
   7.1600000000000055      -0.66958504602783497     
   7.2000000000000055      -0.64299173704718482     
   7.2400000000000055      -0.60589933434047705     
   7.2800000000000056      -0.55872482100064391     
   7.3200000000000056      -0.50204980591344628     
   7.3600000000000056      -0.43661398546244928     
   7.4000000000000057      -0.36330602390151601     
   7.4400000000000057      -0.28315195491528755     
   7.4800000000000058      -0.19730124736341112     
   7.5200000000000058      -0.10701071707205186     
   7.5600000000000058       -1.3626503161822732E-002
   7.6000000000000059        8.1435638824753243E-002
   7.6400000000000059       0.17671144438506506     
   7.6800000000000059       0.27071033910375258     
   7.7200000000000060       0.36193839832055419     
   7.7600000000000060       0.44892171933759473     
   7.8000000000000060       0.53022984615851421     
   7.8400000000000061       0.60449888028322007     
   7.8800000000000061       0.67045391025834722     
   7.9200000000000061       0.72693039760615497     
   7.9600000000000062       0.77289416743650552     
   8.0000000000000053       0.80745966841055006     
   8.0400000000000045       0.82990618860332166     
   8.0800000000000036       0.83969174094899868     
   8.1200000000000028       0.83646436400410829     
   8.1600000000000019       0.82007062030488409     
   8.2000000000000011       0.79056111512280680     
   8.2400000000000002       0.74819290236408320     
   8.2799999999999994       0.69342869107897387     
   8.3199999999999985       0.62693281485646535     
   8.3599999999999977       0.54956397654622091     
   8.3999999999999968       0.46236483150770236     
   8.4399999999999959       0.36654852314922542     
   8.4799999999999951       0.26348233409160521     
   8.5199999999999942       0.15466866407914340     
   8.5599999999999934        4.1723590987716781E-002
   8.5999999999999925       -7.3646686803671924E-002
   8.6399999999999917      -0.18967119051448106     
   8.6799999999999908      -0.30454091415373347     
   8.7199999999999900      -0.41643659346783574     
   8.7599999999999891      -0.52355707115506889     
   8.7999999999999883      -0.62414782292964011     
   8.8399999999999874      -0.71652919966872286     
   8.8799999999999866      -0.79912393835379403     
   8.9199999999999857      -0.87048349896939226     
   8.9599999999999849      -0.92931279598772976     
   8.9999999999999840      -0.97449291147657668     
   9.0399999999999832       -1.0051014020407323     
   9.0799999999999823       -1.0204298434555434     
   9.1199999999999815       -1.0199982945796233     
   9.1599999999999806       -1.0035664054469098     
   9.1999999999999797      -0.97114094274390905     
   9.2399999999999789      -0.92297955849723656     
   9.2799999999999780      -0.85959068397197091     
   9.3199999999999772      -0.78172948968779754     
   9.3599999999999763      -0.69038991321661747     
   9.3999999999999755      -0.58679281810856776     
   9.4399999999999746      -0.47237040895059124     
   9.4799999999999738      -0.34874708822559741     
   9.5199999999999729      -0.21771699934410232     
   9.5599999999999721       -8.1218556012800702E-002
   9.5999999999999712        5.8693689934658400E-002
   9.6399999999999704       0.19987944286518416     
   9.6799999999999695       0.34014487871962262     
   9.7199999999999687       0.47727620484893662     
   9.7599999999999678       0.60907405917612290     
   9.7999999999999670       0.73338822246562474     
   9.8399999999999661       0.84815210432137034     
   9.8799999999999653       0.95141645862504265     
   9.9199999999999644        1.0413817876741203     
   9.9599999999999635        1.1164289063616080     
   9.9999999999999627        1.1751471583005610     
   10.039999999999962        1.2163598046470570     
