   0.0000000000000000       0.10000000149011612     
   2.0000000000000000        114.38571258421457     
   4.0000000000000000        114.48562516219636     
   6.0000000000000000        114.58545054562227     
   8.0000000000000000        114.68518896244701     
   10.000000000000000        114.78484063963363     
   12.000000000000000        114.88440580315945     
   14.000000000000000        114.98388467802218     
   16.000000000000000        115.08327748824574     
   18.000000000000000        115.18258445688625     
   20.000000000000000        115.28180580603777     
   22.000000000000000        115.38094175683820     
   24.000000000000000        115.47999252947496     
   26.000000000000000        115.57895834319073     
   28.000000000000000        115.67783941628915     
   30.000000000000000        115.77663596614035     
   32.000000000000000        115.87534820918664     
   34.000000000000000        115.97397636094796     
   36.000000000000000        116.07252063602741     
   38.000000000000000        116.17098124811670     
   40.000000000000000        116.26935841000159     
   42.000000000000000        116.36765233356716     
   44.000000000000000        116.46586322980328     
   46.000000000000000        116.56399130880975     
   48.000000000000000        116.66203677980168     
   50.000000000000000        116.75999985111461     
   52.000000000000000        116.85788073020971     
   54.000000000000000        116.95567962367892     
   56.000000000000000        117.05339673725001     
   58.000000000000000        117.15103227579166     
   60.000000000000000        117.24858644331847     
   62.000000000000000        117.34605944299592     
   64.000000000000000        117.44345147714533     
   66.000000000000000        117.54076274724876     
   68.000000000000000        117.63799345395387     
   70.000000000000000        117.73514379707872     
   72.000000000000000        117.83221397561665     
   74.000000000000000        117.92920418774096     
   76.000000000000000        118.02611463080964     
   78.000000000000000        118.12294550137011     
   80.000000000000000        118.21969699516383     
   82.000000000000000        118.31636930713093     
   84.000000000000000        118.41296263141477     
   86.000000000000000        118.50947716136658     
   88.000000000000000        118.60591308954986     
   90.000000000000000        118.70227060774495     
   92.000000000000000        118.79854990695345     
   94.000000000000000        118.89475117740265     
   96.000000000000000        118.99087460854992     
   98.000000000000000        119.08692038908703     
   100.00000000000000        119.18288870694454     
   102.00000000000000        119.27877974929604     
   104.00000000000000        119.37459370256242     
   106.00000000000000        119.47033075241616     
   108.00000000000000        119.56599108378542     
   110.00000000000000        119.66157488085831     
   112.00000000000000        119.75708232708698     
   114.00000000000000        119.85251360519175     
   116.00000000000000        119.94786889716516     
   118.00000000000000        120.04314838427609     
   120.00000000000000        120.13835224707371     
   122.00000000000000        120.23348066539151     
   124.00000000000000        120.32853381835126     
   126.00000000000000        120.42351188436696     
   128.00000000000000        120.51841504114871     
   130.00000000000000        120.61324346570665     
   132.00000000000000        120.70799733435474     
   134.00000000000000        120.80267682271470     
   136.00000000000000        120.89728210571968     
   138.00000000000000        120.99181335761811     
   140.00000000000000        121.08627075197745     
   142.00000000000000        121.18065446168787     
   144.00000000000000        121.27496465896597     
   146.00000000000000        121.36920151535845     
   148.00000000000000        121.46336520174577     
   150.00000000000000        121.55745588834571     
   152.00000000000000        121.65147374471702     
   154.00000000000000        121.74541893976294     
   156.00000000000000        121.83929164173480     
   158.00000000000000        121.93309201823548     
   160.00000000000000        122.02682023622296     
   162.00000000000000        122.12047646201371     
   164.00000000000000        122.21406086128623     
   166.00000000000000        122.30757359908441     
   168.00000000000000        122.40101483982093     
   170.00000000000000        122.49438474728066     
   172.00000000000000        122.58768348462401     
   174.00000000000000        122.68091121439024     
   176.00000000000000        122.77406809850075     
   178.00000000000000        122.86715429826243     
   180.00000000000000        122.96016997437086     
   182.00000000000000        123.05311528691355     
   184.00000000000000        123.14599039537322     
   186.00000000000000        123.23879545863089     
   188.00000000000000        123.33153063496916     
   190.00000000000000        123.42419608207527     
   192.00000000000000        123.51679195704432     
   194.00000000000000        123.60931841638229     
   196.00000000000000        123.70177561600921     
   198.00000000000000        123.79416371126217     
   200.00000000000000        123.88648285689837     
   202.00000000000000        123.97873320709817     
   204.00000000000000        124.07091491546811     
   206.00000000000000        124.16302813504385     
   208.00000000000000        124.25507301829316     
   210.00000000000000        124.34704971711888     
   212.00000000000000        124.43895838286181     
   214.00000000000000        124.53079916630368     
   216.00000000000000        124.62257221766994     
   218.00000000000000        124.71427768663274     
   220.00000000000000        124.80591572231369     
   222.00000000000000        124.89748647328673     
   224.00000000000000        124.98899008758097     
   226.00000000000000        125.08042671268342     
   228.00000000000000        125.17179649554180     
   230.00000000000000        125.26309958256731     
   232.00000000000000        125.35433611963734     
   234.00000000000000        125.44550625209821     
   236.00000000000000        125.53661012476786     
   238.00000000000000        125.62764788193856     
   240.00000000000000        125.71861966737954     
   242.00000000000000        125.80952562433968     
   244.00000000000000        125.90036589555012     
   246.00000000000000        125.99114062322687     
   248.00000000000000        126.08184994907343     
   250.00000000000000        126.17249401428336     
   252.00000000000000        126.26307295954284     
   254.00000000000000        126.35358692503324     
   256.00000000000000        126.44403605043364     
   258.00000000000000        126.53442047492332     
   260.00000000000000        126.62474033718433     
   262.00000000000000        126.71499577540391     
   264.00000000000000        126.80518692727695     
   266.00000000000000        126.89531393000851     
   268.00000000000000        126.98537692031621     
   270.00000000000000        127.07537603443267     
   272.00000000000000        127.16531140810785     
   274.00000000000000        127.25518317661157     
   276.00000000000000        127.34499147473574     
   278.00000000000000        127.43473643679684     
   280.00000000000000        127.52441819663819     
   282.00000000000000        127.61403688763232     
   284.00000000000000        127.70359264268328     
   286.00000000000000        127.79308559422888     
   288.00000000000000        127.88251587424310     
   290.00000000000000        127.97188361423822     
   292.00000000000000        128.06118894526719     
   294.00000000000000        128.15043199792584     
   296.00000000000000        128.23961290235508     
   298.00000000000000        128.32873178824312     
   300.00000000000000        128.41778878482771     
   302.00000000000000        128.50678402089832     
   304.00000000000000        128.59571762479828     
   306.00000000000000        128.68458972442696     
   308.00000000000000        128.77340044724190     
   310.00000000000000        128.86214992026100     
   312.00000000000000        128.95083827006459     
   314.00000000000000        129.03946562279754     
   316.00000000000000        129.12803210417138     
   318.00000000000000        129.21653783946635     
   320.00000000000000        129.30498295353348     
   322.00000000000000        129.39336757079667     
   324.00000000000000        129.48169181525469     
   326.00000000000000        129.56995581048329     
   328.00000000000000        129.65815967963709     
   330.00000000000000        129.74630354545170     
   332.00000000000000        129.83438753024566     
   334.00000000000000        129.92241175592247     
   336.00000000000000        130.01037634397247     
   338.00000000000000        130.09828141547487     
   340.00000000000000        130.18612709109971     
   342.00000000000000        130.27391349110971     
   344.00000000000000        130.36164073536227     
   346.00000000000000        130.44930894331137     
   348.00000000000000        130.53691823400939     
   350.00000000000000        130.62446872610914     
   352.00000000000000        130.71196053786559     
   354.00000000000000        130.79939378713783     
   356.00000000000000        130.88676859139090     
   358.00000000000000        130.97408506769762     
   360.00000000000000        131.06134333274039     
   362.00000000000000        131.14854350281308     
   364.00000000000000        131.23568569382283     
   366.00000000000000        131.32277002129177     
   368.00000000000000        131.40979660035890     
   370.00000000000000        131.49676554578181     
   372.00000000000000        131.58367697193847     
   374.00000000000000        131.67053099282899     
   376.00000000000000        131.75732772207735     
   378.00000000000000        131.84406727293313     
   380.00000000000000        131.93074975827327     
   382.00000000000000        132.01737529060375     
   384.00000000000000        132.10394398206134     
   386.00000000000000        132.19045594441519     
   388.00000000000000        132.27691128906864     
   390.00000000000000        132.36331012706083     
   392.00000000000000        132.44965256906838     
   394.00000000000000        132.53593872540699     
   396.00000000000000        132.62216870603322     
   398.00000000000000        132.70834262054598     
   400.00000000000000        132.79446057818825     
   402.00000000000000        132.88052268784864     
   404.00000000000000        132.96652905806303     
   406.00000000000000        133.05247979701613     
   408.00000000000000        133.13837501254318     
   410.00000000000000        133.22421481213135     
   412.00000000000000        133.30999930292145     
   414.00000000000000        133.39572859170949     
   416.00000000000000        133.48140278494810     
   418.00000000000000        133.56702198874822     
   420.00000000000000        133.65258630888059     
   422.00000000000000        133.73809585077720     
   424.00000000000000        133.82355071953293     
   426.00000000000000        133.90895101990699     
   428.00000000000000        133.99429685632441     
   430.00000000000000        134.07958833287751     
   432.00000000000000        134.16482555332749     
   434.00000000000000        134.25000862110579     
   436.00000000000000        134.33513763931558     
   438.00000000000000        134.42021271073327     
   440.00000000000000        134.50523393780992     
   442.00000000000000        134.59020142267266     
   444.00000000000000        134.67511526712619     
   446.00000000000000        134.75997557265407     
   448.00000000000000        134.84478244042032     
   450.00000000000000        134.92953597127067     
   452.00000000000000        135.01423626573404     
   454.00000000000000        135.09888342402391     
   456.00000000000000        135.18347754603971     
   458.00000000000000        135.26801873136822     
   460.00000000000000        135.35250707928486     
   462.00000000000000        135.43694268875515     
   464.00000000000000        135.52132565843598     
   466.00000000000000        135.60565608667704     
   468.00000000000000        135.68993407152206     
   470.00000000000000        135.77415971071019     
   472.00000000000000        135.85833310167737     
   474.00000000000000        135.94245434155758     
   476.00000000000000        136.02652352718414     
   478.00000000000000        136.11054075509108     
   480.00000000000000        136.19450612151437     
   482.00000000000000        136.27841972239321     
   484.00000000000000        136.36228165337135     
   486.00000000000000        136.44609200979838     
   488.00000000000000        136.52985088673088     
   490.00000000000000        136.61355837893385     
   492.00000000000000        136.69721458088176     
   494.00000000000000        136.78081958675997     
   496.00000000000000        136.86437349046591     
   498.00000000000000        136.94787638561027     
   500.00000000000000        137.03132836551825     
   502.00000000000000        137.11472952323078     
   504.00000000000000        137.19807995150578     
   506.00000000000000        137.28137974281927     
   508.00000000000000        137.36462898936662     
   510.00000000000000        137.44782778306376     
   512.00000000000000        137.53097621554832     
   514.00000000000000        137.61407437818087     
   516.00000000000000        137.69712236204597     
   518.00000000000000        137.78012025795351     
   520.00000000000000        137.86306815643971     
   522.00000000000000        137.94596614776833     
   524.00000000000000        138.02881432193189     
   526.00000000000000        138.11161276865269     
   528.00000000000000        138.19436157738403     
   530.00000000000000        138.27706083731130     
   532.00000000000000        138.35971063735309     
   534.00000000000000        138.44231106616235     
   536.00000000000000        138.52486221212746     
   538.00000000000000        138.60736416337338     
   540.00000000000000        138.68981700776266     
   542.00000000000000        138.77222083289664     
   544.00000000000000        138.85457572611645     
   546.00000000000000        138.93688177450417     
   548.00000000000000        139.01913906488383     
   550.00000000000000        139.10134768382252     
   552.00000000000000        139.18350771763147     
   554.00000000000000        139.26561925236703     
   556.00000000000000        139.34768237383179     
   558.00000000000000        139.42969716757563     
   560.00000000000000        139.51166371889673     
   562.00000000000000        139.59358211284263     
   564.00000000000000        139.67545243421122     
   566.00000000000000        139.75727476755182     
   568.00000000000000        139.83904919716616     
   570.00000000000000        139.92077580710941     
   572.00000000000000        140.00245468119118     
   574.00000000000000        140.08408590297651     
   576.00000000000000        140.16566955578691     
   578.00000000000000        140.24720572270132     
   580.00000000000000        140.32869448655711     
   582.00000000000000        140.41013592995105     
   584.00000000000000        140.49153013524028     
   586.00000000000000        140.57287718454333     
   588.00000000000000        140.65417715974101     
   590.00000000000000        140.73543014247747     
   592.00000000000000        140.81663621416106     
   594.00000000000000        140.89779545596537     
   596.00000000000000        140.97890794883006     
   598.00000000000000        141.05997377346191     
   600.00000000000000        141.14099301033576     
   602.00000000000000        141.22196573969538     
   604.00000000000000        141.30289204155437     
   606.00000000000000        141.38377199569720     
   608.00000000000000        141.46460568168004     
   610.00000000000000        141.54539317883172     
   612.00000000000000        141.62613456625456     
   614.00000000000000        141.70682992282539     
   616.00000000000000        141.78747932719634     
   618.00000000000000        141.86808285779580     
   620.00000000000000        141.94864059282932     
   622.00000000000000        142.02915261028042     
   624.00000000000000        142.10961898791157     
   626.00000000000000        142.19003980326499     
   628.00000000000000        142.27041513366356     
   630.00000000000000        142.35074505621165     
   632.00000000000000        142.43102964779604     
   634.00000000000000        142.51126898508673     
   636.00000000000000        142.59146314453784     
   638.00000000000000        142.67161220238842     
   640.00000000000000        142.75171623466332     
   642.00000000000000        142.83177531717399     
   644.00000000000000        142.91178952551940     
   646.00000000000000        142.99175893508675     
   648.00000000000000        143.07168362105247     
   650.00000000000000        143.15156365838286     
   652.00000000000000        143.23139912183504     
   654.00000000000000        143.31119008595772     
   656.00000000000000        143.39093662509200     
   658.00000000000000        143.47063881337223     
   660.00000000000000        143.55029672472673     
   662.00000000000000        143.62991043287872     
   664.00000000000000        143.70948001134693     
   666.00000000000000        143.78900553344658     
   668.00000000000000        143.86848707229007     
   670.00000000000000        143.94792470078775     
   672.00000000000000        144.02731849164877     
   674.00000000000000        144.10666851738179     
   676.00000000000000        144.18597485029582     
   678.00000000000000        144.26523756250091     
   680.00000000000000        144.34445672590900     
   682.00000000000000        144.42363241223461     
   684.00000000000000        144.50276469299564     
   686.00000000000000        144.58185363951409     
   688.00000000000000        144.66089932291683     
   690.00000000000000        144.73990181413637     
   692.00000000000000        144.81886118391159     
   694.00000000000000        144.89777750278844     
   696.00000000000000        144.97665084112072     
   698.00000000000000        145.05548126907078     
   700.00000000000000        145.13426885661028     
   702.00000000000000        145.21301367352089     
   704.00000000000000        145.29171578939506     
   706.00000000000000        145.37037527363665     
   708.00000000000000        145.44899219546176     
   710.00000000000000        145.52756662389928     
   712.00000000000000        145.60609862779177     
   714.00000000000000        145.68458827579605     
   716.00000000000000        145.76303563638396     
   718.00000000000000        145.84144077784302     
   720.00000000000000        145.91980376827712     
   722.00000000000000        145.99812467560730     
   724.00000000000000        146.07640356757227     
   726.00000000000000        146.15464051172927     
   728.00000000000000        146.23283557545463     
   730.00000000000000        146.31098882594449     
   732.00000000000000        146.38910033021548     
   734.00000000000000        146.46717015510541     
   736.00000000000000        146.54519836727383     
   738.00000000000000        146.62318503320284     
   740.00000000000000        146.70113021919769     
   742.00000000000000        146.77903399138742     
   744.00000000000000        146.85689641572552     
   746.00000000000000        146.93471755799055     
   748.00000000000000        147.01249748378692     
   750.00000000000000        147.09023625854539     
   752.00000000000000        147.16793394752375     
   754.00000000000000        147.24559061580752     
   756.00000000000000        147.32320632831050     
   758.00000000000000        147.40078114977553     
   760.00000000000000        147.47831514477491     
   762.00000000000000        147.55580837771123     
   764.00000000000000        147.63326091281792     
   766.00000000000000        147.71067281415986     
   768.00000000000000        147.78804414563399     
   770.00000000000000        147.86537497096995     
   772.00000000000000        147.94266535373072     
   774.00000000000000        148.01991535731315     
   776.00000000000000        148.09712504494865     
   778.00000000000000        148.17429447970375     
   780.00000000000000        148.25142372448067     
   782.00000000000000        148.32851284201800     
   784.00000000000000        148.40556189489124     
   786.00000000000000        148.48257094551337     
   788.00000000000000        148.55954005613555     
   790.00000000000000        148.63646928884759     
   792.00000000000000        148.71335870557857     
   794.00000000000000        148.79020836809744     
   796.00000000000000        148.86701833801359     
   798.00000000000000        148.94378867677742     
   800.00000000000000        149.02051944568092     
   802.00000000000000        149.09721070585826     
   804.00000000000000        149.17386251828631     
   806.00000000000000        149.25047494378526     
   808.00000000000000        149.32704804301912     
   810.00000000000000        149.40358187649636     
   812.00000000000000        149.48007650457041     
   814.00000000000000        149.55653198744020     
   816.00000000000000        149.63294838515080     
   818.00000000000000        149.70932575759389     
   820.00000000000000        149.78566416450835     
   822.00000000000000        149.86196366548074     
   824.00000000000000        149.93822431994596     
   826.00000000000000        150.01444618718767     
   828.00000000000000        150.09062932633890     
   830.00000000000000        150.16677379638256     
   832.00000000000000        150.24287965615196     
   834.00000000000000        150.31894696433139     
   836.00000000000000        150.39497577945662     
   838.00000000000000        150.47096615991541     
   840.00000000000000        150.54691816394802     
   842.00000000000000        150.62283184964781     
   844.00000000000000        150.69870727496169     
   846.00000000000000        150.77454449769061     
   848.00000000000000        150.85034357549017     
   850.00000000000000        150.92610456587101     
   852.00000000000000        151.00182752619949     
   854.00000000000000        151.07751251369800     
   856.00000000000000        151.15315958544559     
   858.00000000000000        151.22876879837847     
   860.00000000000000        151.30434020929042     
   862.00000000000000        151.37987387483341     
   864.00000000000000        151.45536985151801     
   866.00000000000000        151.53082819571389     
   868.00000000000000        151.60624896365039     
   870.00000000000000        151.68163221141685     
   872.00000000000000        151.75697799496328     
   874.00000000000000        151.83228637010075     
   876.00000000000000        151.90755739250181     
   878.00000000000000        151.98279111770117     
   880.00000000000000        152.05798760109593     
   882.00000000000000        152.13314689794623     
   884.00000000000000        152.20826906337570     
   886.00000000000000        152.28335415237183     
   888.00000000000000        152.35840221978657     
   890.00000000000000        152.43341332033674     
   892.00000000000000        152.50838750860447     
   894.00000000000000        152.58332483903772     
   896.00000000000000        152.65822536595064     
   898.00000000000000        152.73308914352421     
   900.00000000000000        152.80791622580651     
   902.00000000000000        152.88270666671326     
   904.00000000000000        152.95746052002832     
   906.00000000000000        153.03217783940403     
   908.00000000000000        153.10685867836173     
   910.00000000000000        153.18150309029224     
   912.00000000000000        153.25611112845618     
   914.00000000000000        153.33068284598457     
   916.00000000000000        153.40521829587917     
   918.00000000000000        153.47971753101294     
   920.00000000000000        153.55418060413047     
   922.00000000000000        153.62860756784846     
   924.00000000000000        153.70299847465614     
   926.00000000000000        153.77735337691561     
   928.00000000000000        153.85167232686243     
   930.00000000000000        153.92595537660588     
   932.00000000000000        154.00020257812957     
   934.00000000000000        154.07441398329166     
   936.00000000000000        154.14858964382549     
   938.00000000000000        154.22272961133982     
   940.00000000000000        154.29683393731935     
   942.00000000000000        154.37090267312513     
   944.00000000000000        154.44493586999496     
   946.00000000000000        154.51893357904379     
   948.00000000000000        154.59289585126413     
   950.00000000000000        154.66682273752653     
   952.00000000000000        154.74071428857988     
   954.00000000000000        154.81457055505192     
   956.00000000000000        154.88839158744955     
   958.00000000000000        154.96217743615932     
   960.00000000000000        155.03592815144776     
   962.00000000000000        155.10964378346182     
   964.00000000000000        155.18332438222927     
   966.00000000000000        155.25696999765907     
   968.00000000000000        155.33058067954178     
   970.00000000000000        155.40415647754998     
   972.00000000000000        155.47769744123858     
   974.00000000000000        155.55120362004530     
   976.00000000000000        155.62467506329099     
   978.00000000000000        155.69811182018012     
   980.00000000000000        155.77151393980100     
   982.00000000000000        155.84488147112631     
   984.00000000000000        155.91821446301344     
   986.00000000000000        155.99151296420479     
   988.00000000000000        156.06477702332828     
   990.00000000000000        156.13800668889760     
   992.00000000000000        156.21120200931273     
   994.00000000000000        156.28436303286014     
   996.00000000000000        156.35748980771328     
   998.00000000000000        156.43058238193294     
   1000.0000000000000        156.50364080346759     
   1002.0000000000000        156.57666512015376     
   1004.0000000000000        156.64965537971639     
   1006.0000000000000        156.72261162976920     
   1008.0000000000000        156.79553391781511     
   1010.0000000000000        156.86842229124647     
   1012.0000000000000        156.94127679734555     
   1014.0000000000000        157.01409748328484     
   1016.0000000000000        157.08688439612743     
   1018.0000000000000        157.15963758282729     
   1020.0000000000000        157.23235709022975     
   1022.0000000000000        157.30504296507175     
   1024.0000000000000        157.37769525398221     
   1026.0000000000000        157.45031400348245     
   1028.0000000000000        157.52289925998642     
   1030.0000000000000        157.59545106980113     
   1032.0000000000000        157.66796947912698     
   1034.0000000000000        157.74045453405810     
   1036.0000000000000        157.81290628058267     
   1038.0000000000000        157.88532476458329     
   1040.0000000000000        157.95771003183731     
   1042.0000000000000        158.03006212801716     
   1044.0000000000000        158.10238109869070     
   1046.0000000000000        158.17466698932151     
   1048.0000000000000        158.24691984526930     
   1050.0000000000000        158.31913971179023     
   1052.0000000000000        158.39132663403714     
   1054.0000000000000        158.46348065705999     
   1056.0000000000000        158.53560182580614     
   1058.0000000000000        158.60769018512070     
   1060.0000000000000        158.67974577974687     
   1062.0000000000000        158.75176865432618     
   1064.0000000000000        158.82375885339891     
   1066.0000000000000        158.89571642140433     
   1068.0000000000000        158.96764140268112     
   1070.0000000000000        159.03953384146760     
   1072.0000000000000        159.11139378190205     
   1074.0000000000000        159.18322126802312     
   1076.0000000000000        159.25501634377000     
   1078.0000000000000        159.32677905298289     
   1080.0000000000000        159.39850943940317     
   1082.0000000000000        159.47020754667383     
   1084.0000000000000        159.54187341833972     
   1086.0000000000000        159.61350709784782     
   1088.0000000000000        159.68510862854762     
   1090.0000000000000        159.75667805369142     
   1092.0000000000000        159.82821541643460     
   1094.0000000000000        159.89972075983593     
   1096.0000000000000        159.97119412685785     
   1098.0000000000000        160.04263556036688     
   1100.0000000000000        160.11404510313375     
   1102.0000000000000        160.18542279783387     
   1104.0000000000000        160.25676868704750     
   1106.0000000000000        160.32808281326010     
   1108.0000000000000        160.39936521886264     
   1110.0000000000000        160.47061594615184     
   1112.0000000000000        160.54183503733054     
   1114.0000000000000        160.61302253450793     
   1116.0000000000000        160.68417847969982     
   1118.0000000000000        160.75530291482903     
   1120.0000000000000        160.82639588172560     
   1122.0000000000000        160.89745742212708     
   1124.0000000000000        160.96848757767881     
   1126.0000000000000        161.03948638993427     
   1128.0000000000000        161.11045390035528     
   1130.0000000000000        161.18139015031235     
   1132.0000000000000        161.25229518108492     
   1134.0000000000000        161.32316903386163     
   1136.0000000000000        161.39401174974066     
   1138.0000000000000        161.46482336972997     
   1140.0000000000000        161.53560393474754     
   1142.0000000000000        161.60635348562172     
   1144.0000000000000        161.67707206309143     
   1146.0000000000000        161.74775970780652     
   1148.0000000000000        161.81841646032797     
   1150.0000000000000        161.88904236112816     
   1152.0000000000000        161.95963745059120     
   1154.0000000000000        162.03020176901319     
   1156.0000000000000        162.10073535660240     
   1158.0000000000000        162.17123825347963     
   1160.0000000000000        162.24171049967848     
   1162.0000000000000        162.31215213514554     
   1164.0000000000000        162.38256319974073     
   1166.0000000000000        162.45294373323750     
   1168.0000000000000        162.52329377532317     
   1170.0000000000000        162.59361336559908     
   1172.0000000000000        162.66390254358097     
   1174.0000000000000        162.73416134869916     
   1176.0000000000000        162.80438982029881     
   1178.0000000000000        162.87458799764025     
   1180.0000000000000        162.94475591989917     
   1182.0000000000000        163.01489362616687     
   1184.0000000000000        163.08500115545053     
   1186.0000000000000        163.15507854667351     
   1188.0000000000000        163.22512583867552     
   1190.0000000000000        163.29514307021296     
   1192.0000000000000        163.36513027995903     
   1194.0000000000000        163.43508750650417     
   1196.0000000000000        163.50501478835616     
   1198.0000000000000        163.57491216394041     
   1200.0000000000000        163.64477967160025     
